5000
36 885
24 827
49 373
43 457
43 186
39 953
47 119
29 20
44 14
43 780
34 98
23 746
58 577
28 15
46 183
45 554
45 262
60 197
56 83
58 918
54 496
37 816
45 670
41 571
46 741
30 504
55 681
54 348
40 419
38 11
20 832
41 383
23 12
22 128
57 432
34 100
48 880
60 827
35 103
35 906
21 21
42 23
28 741
21 936
52 452
41 712
22 468
30 81
34 437
26 715
44 989
43 140
43 17
51 448
31 478
53 83
39 313
44 422
55 409
55 892
37 661
52 557
32 785
48 472
60 149
60 175
26 201
48 123
57 422
24 233
34 462
41 180
55 348
55 656
28 910
53 152
31 201
58 404
53 164
51 317
47 451
48 991
35 92
52 607
46 925
41 716
22 585
28 928
51 198
46 22
43 254
26 726
60 886
42 7
52 611
60 336
43 210
54 945
43 774
51 264
60 893
52 237
49 724
39 903
51 25
58 324
35 874
40 502
39 528
33 215
37 842
20 503
25 934
31 537
55 716
45 819
31 769
39 946
49 84
31 191
22 428
38 132
21 269
29 404
40 429
29 990
43 661
50 872
60 29
42 567
54 256
37 590
29 422
34 751
30 285
28 510
27 40
42 464
27 780
57 765
50 722
35 255
28 126
43 940
40 697
21 938
27 775
40 872
27 680
51 755
58 605
54 145
52 335
56 367
51 643
38 187
52 710
48 424
51 989
58 279
44 210
27 663
54 664
44 752
23 523
36 638
44 420
31 976
55 204
27 931
39 304
51 548
25 263
40 474
48 659
33 698
34 490
28 640
36 309
44 518
21 38
52 199
46 907
39 45
60 873
22 896
23 908
35 881
38 458
21 561
20 928
23 517
20 9
35 659
37 589
41 134
56 567
25 130
20 650
35 142
24 893
56 110
26 284
20 13
42 106
31 914
28 729
44 582
30 269
34 617
52 357
52 35
21 67
30 846
49 671
52 982
52 861
44 343
40 758
33 291
23 367
41 120
21 41
37 382
24 585
50 731
41 52
20 968
46 827
31 94
37 255
59 952
48 941
54 554
56 623
50 509
42 712
29 788
37 37
33 677
46 859
39 332
20 39
21 735
20 676
59 134
39 232
27 987
42 177
39 629
52 976
58 263
24 848
47 267
34 948
52 932
40 680
53 585
27 483
43 915
22 566
60 294
51 943
27 898
58 351
46 97
57 982
49 915
27 670
50 362
47 647
39 426
56 181
28 39
46 447
37 125
45 893
55 847
23 491
51 730
23 499
49 789
60 923
40 131
49 72
26 108
26 498
21 767
37 825
40 111
22 17
52 149
28 25
32 748
21 36
33 189
50 964
50 776
36 151
29 689
20 388
21 856
37 341
31 527
22 631
60 297
53 842
49 801
48 139
46 785
57 740
39 29
32 70
39 587
31 237
38 539
28 666
50 368
28 697
53 993
55 531
20 734
44 435
26 438
21 305
36 841
44 997
44 758
31 869
44 440
27 903
31 71
37 409
27 653
22 909
23 792
32 39
34 865
31 248
23 224
27 532
56 642
41 920
32 570
56 863
39 817
47 747
39 344
59 23
51 324
21 650
31 261
28 214
49 644
43 951
22 879
37 952
35 177
28 414
20 358
39 498
54 59
21 492
46 827
50 847
60 348
30 38
52 707
54 721
37 788
39 606
36 186
57 439
40 360
56 264
42 970
25 860
27 537
36 175
52 625
40 995
48 800
58 429
35 660
50 339
34 284
34 424
36 23
29 180
20 292
24 812
42 949
59 248
54 784
53 99
33 695
38 19
37 727
51 582
41 441
23 517
51 299
45 433
29 881
30 209
29 896
52 137
37 327
46 952
44 568
44 143
22 57
36 387
57 550
52 419
40 267
24 428
41 844
51 857
49 255
34 120
55 200
56 602
44 568
55 385
45 538
41 217
28 711
34 350
41 892
51 108
20 705
43 40
52 377
26 245
47 768
30 53
57 725
58 249
38 777
24 332
41 411
53 969
27 894
54 790
45 459
38 452
50 111
21 930
24 870
57 76
56 15
30 217
20 590
47 956
25 479
58 225
34 253
46 893
49 570
54 738
52 291
50 476
24 276
58 682
47 301
39 484
29 664
38 200
55 597
36 320
50 30
48 211
53 277
21 890
20 71
51 35
29 965
22 70
57 759
58 353
45 19
59 494
48 773
44 906
38 402
34 35
49 301
48 597
36 516
37 988
21 968
56 642
30 900
54 499
53 546
50 202
29 958
52 378
42 509
53 554
33 910
36 554
53 110
36 564
25 580
60 399
55 404
35 845
37 828
54 979
22 969
26 484
25 921
21 28
56 821
49 635
25 373
32 716
27 159
50 268
25 340
59 174
57 209
57 620
37 663
44 142
22 249
25 240
22 908
28 305
30 498
41 847
45 605
51 168
42 10
51 962
36 2
41 338
39 655
43 483
47 774
40 319
22 763
42 285
45 997
24 710
46 68
28 676
54 565
43 566
34 475
60 48
46 524
59 849
50 702
51 61
39 440
60 89
43 511
36 200
35 301
42 156
54 500
52 877
53 668
43 321
22 280
33 562
33 484
59 600
57 508
47 416
48 515
34 863
27 1
20 656
28 783
43 549
44 220
33 228
35 407
31 750
26 391
54 314
60 122
30 60
38 356
57 727
35 69
30 41
58 461
23 952
38 849
57 403
44 253
50 971
58 319
34 403
59 160
50 91
51 51
56 491
59 510
54 384
55 505
53 352
41 762
28 706
37 940
44 823
60 681
21 477
50 973
22 134
59 105
44 475
49 157
59 245
58 187
43 376
36 558
39 231
48 952
41 639
38 942
38 72
44 320
47 148
34 233
28 521
52 11
59 141
44 445
23 645
44 755
33 94
57 262
31 693
23 807
44 20
55 900
49 118
47 609
24 850
51 561
21 957
36 567
43 612
26 491
55 735
55 268
42 216
21 169
35 317
52 370
25 790
58 686
20 72
59 114
48 97
46 565
33 642
53 671
20 76
53 227
49 671
37 436
40 517
31 816
38 261
23 77
25 429
26 696
40 574
33 296
42 753
55 643
33 384
45 498
53 615
59 577
55 773
21 548
25 672
43 361
43 428
51 822
23 907
56 754
21 977
57 632
60 855
21 987
53 911
26 471
54 359
50 712
58 246
56 327
23 16
29 243
23 218
49 141
22 701
54 272
55 692
41 114
43 477
41 715
24 182
28 577
44 740
54 887
40 27
45 145
35 579
28 175
35 7
33 939
22 482
52 445
24 90
21 512
35 198
40 453
48 704
25 864
27 845
55 792
56 880
36 725
22 372
48 203
28 304
24 534
27 852
58 415
35 242
29 440
34 571
32 227
37 188
25 60
25 781
38 753
53 458
46 349
41 578
59 228
47 943
46 308
20 732
42 674
57 206
45 183
41 943
24 59
24 540
27 196
28 54
54 37
24 157
32 184
58 32
60 169
39 320
24 750
39 783
43 345
44 507
48 914
25 59
30 877
43 300
51 536
42 237
36 418
56 491
27 520
57 197
39 403
35 969
45 919
60 175
46 624
47 549
27 527
51 584
53 814
54 854
49 450
60 10
49 653
39 107
28 445
33 725
50 506
34 862
31 743
26 171
45 570
53 441
41 223
33 821
35 497
30 791
42 832
58 808
46 231
50 901
26 404
22 49
21 722
60 347
40 322
42 821
34 22
39 359
43 349
20 354
45 193
23 57
50 287
31 304
21 748
39 959
32 241
25 777
26 36
37 52
35 861
36 517
31 641
21 9
43 345
47 459
34 457
46 64
59 130
23 152
37 945
34 81
34 609
37 953
58 90
34 508
36 291
30 803
45 776
26 283
53 975
28 645
55 588
32 238
58 345
47 418
40 995
55 644
37 197
34 981
56 54
23 489
43 322
40 673
51 939
52 949
41 85
47 468
52 448
59 605
55 227
20 892
43 922
31 801
53 255
32 940
55 668
60 48
45 151
27 884
55 963
59 479
30 289
26 921
21 621
41 709
21 672
30 922
32 340
33 959
42 113
40 93
26 392
36 891
41 60
31 657
59 768
54 329
38 314
24 100
56 567
48 588
36 787
27 90
57 12
34 132
38 697
40 610
43 81
39 881
59 44
48 722
55 29
21 612
29 784
56 10
60 857
60 153
52 559
44 865
32 762
32 416
35 858
49 262
39 752
31 961
30 348
52 85
35 525
39 627
57 863
50 385
24 308
29 989
60 940
24 920
36 566
39 148
54 617
39 992
48 423
47 384
23 811
27 887
42 537
28 895
25 648
24 364
29 770
23 884
31 35
46 485
31 397
49 328
39 244
25 86
33 642
43 207
32 133
22 533
21 9
33 782
28 801
24 763
36 947
34 613
45 692
48 425
55 752
50 739
29 530
46 256
26 686
43 405
51 239
31 481
32 2
53 541
20 560
32 485
58 570
50 580
39 486
33 9
60 640
28 81
33 267
26 31
54 218
50 868
25 201
29 957
36 118
49 726
46 350
42 75
27 226
45 573
47 781
58 115
20 547
46 553
55 716
58 848
35 0
22 338
33 574
29 910
42 367
59 645
20 9
48 993
36 701
33 296
54 302
39 649
58 224
46 789
25 149
58 461
37 721
60 48
59 681
31 29
53 328
46 675
56 675
35 989
38 650
29 885
25 568
46 288
27 98
45 748
34 853
47 17
52 625
37 541
51 303
27 394
28 715
28 894
29 451
22 999
47 817
29 866
56 2
20 828
32 719
56 456
60 710
57 121
42 365
20 94
49 157
58 63
39 647
45 860
35 71
28 761
28 300
31 496
42 757
36 241
46 797
40 264
32 641
20 134
44 98
21 908
38 416
47 690
31 946
44 381
54 785
56 483
48 167
32 583
42 774
21 860
42 440
52 897
37 835
58 363
38 739
34 604
57 516
56 219
28 357
36 428
45 563
46 632
34 154
20 385
27 282
31 964
30 295
39 326
57 420
28 264
59 107
29 400
54 229
23 545
48 579
39 495
49 261
54 42
45 607
52 267
45 477
25 432
34 991
25 543
54 951
29 479
29 509
21 77
51 451
49 175
33 991
45 935
51 764
60 969
33 769
24 93
50 103
51 826
60 650
22 226
42 349
56 253
54 841
40 471
26 927
51 609
51 135
23 449
23 864
39 24
55 644
22 987
33 940
30 664
32 254
36 112
59 634
56 509
55 976
32 583
43 407
56 928
60 493
34 324
60 436
43 74
39 316
47 29
37 810
25 200
53 834
20 455
56 476
30 549
20 618
51 333
49 886
36 501
56 993
54 853
52 57
59 979
51 527
39 809
40 254
27 3
50 355
57 14
54 304
29 758
31 10
39 993
53 810
24 799
45 872
58 811
44 347
27 557
44 917
24 325
42 930
56 465
35 151
53 899
52 96
26 660
59 393
20 524
20 29
60 335
20 136
60 704
24 801
45 317
41 12
20 523
20 375
23 974
59 916
54 290
20 701
29 384
53 835
21 248
53 956
45 751
43 812
35 776
43 362
20 190
46 202
47 923
22 139
39 79
21 589
42 780
45 292
31 478
27 687
46 288
59 670
49 954
27 647
49 618
46 428
29 461
55 745
56 114
51 169
40 652
55 924
28 311
49 569
51 169
48 869
45 814
28 205
32 899
49 627
56 370
52 617
20 547
58 139
30 24
32 471
36 661
35 919
34 926
54 89
50 343
34 652
50 545
44 146
41 868
37 969
47 433
46 922
22 323
39 352
34 110
28 825
42 329
44 69
36 877
22 630
57 541
43 780
55 404
43 521
45 437
46 367
20 191
21 729
58 62
32 296
29 303
37 501
48 723
53 489
43 39
21 745
54 253
35 142
34 838
21 59
44 978
56 276
33 663
37 900
55 824
59 622
27 511
52 157
32 88
47 514
60 631
49 782
54 64
45 401
23 459
40 791
24 986
47 217
21 271
28 826
29 591
34 487
20 554
38 305
51 206
35 255
28 952
60 485
56 379
56 168
30 463
55 785
55 29
33 34
32 498
56 177
41 830
23 138
25 829
23 900
45 107
37 359
26 824
49 181
35 308
26 396
59 349
60 132
38 358
22 376
37 396
34 539
59 384
54 504
50 633
36 603
41 592
31 157
51 781
52 482
51 848
39 383
52 750
39 348
39 611
38 584
25 493
25 472
28 726
20 951
35 882
38 851
41 852
46 211
43 600
31 234
25 601
54 774
55 105
50 246
25 656
47 378
30 265
54 100
52 229
32 384
33 393
21 721
40 582
43 381
44 633
25 661
56 979
20 567
53 746
51 391
37 157
47 280
42 288
32 540
39 616
35 755
47 291
31 833
21 874
59 924
40 858
47 349
53 233
27 999
45 790
24 819
54 259
47 62
21 712
23 198
50 8
48 657
47 668
56 940
21 887
41 836
59 861
56 705
43 967
48 11
34 687
38 568
21 359
20 724
35 495
32 219
37 703
52 381
36 902
49 505
24 833
48 771
33 337
58 277
47 386
31 851
31 163
20 985
24 265
26 133
58 719
42 260
29 268
22 862
36 877
41 612
34 34
20 441
36 301
22 119
47 34
21 218
54 781
52 600
49 305
51 651
59 314
26 450
60 703
33 907
59 388
58 703
48 640
27 886
60 277
52 54
44 501
25 767
55 743
51 671
25 554
32 781
49 431
59 565
32 363
41 501
35 82
23 909
59 635
29 499
40 736
55 962
32 518
27 595
51 500
60 556
39 825
44 353
30 953
47 123
59 738
39 314
44 185
53 368
30 411
32 464
42 492
48 482
50 165
34 237
38 267
35 967
42 750
22 585
23 880
23 515
26 223
30 156
43 415
23 797
58 163
42 335
57 287
20 826
54 322
33 55
45 929
38 378
45 441
57 918
42 469
40 128
31 799
47 231
34 610
36 426
36 965
48 156
53 554
54 52
28 466
60 433
41 762
41 251
30 923
21 229
44 385
42 116
50 780
53 894
21 723
41 647
27 124
21 65
28 347
52 243
57 720
30 479
26 849
40 818
55 521
48 206
58 406
21 197
38 292
47 760
38 951
60 456
51 498
32 739
42 671
55 507
37 57
47 873
43 693
30 631
50 374
60 89
47 817
22 495
58 837
59 888
42 384
42 59
51 351
49 826
30 101
34 626
44 655
52 412
43 867
59 638
21 302
20 918
29 492
27 79
54 98
59 617
45 12
34 987
24 815
37 448
21 172
30 245
30 411
23 174
45 508
49 462
58 36
32 460
24 990
43 327
52 366
58 776
49 190
33 517
32 104
43 914
33 239
46 969
31 104
58 434
25 502
29 431
27 268
32 641
27 948
48 75
24 460
22 451
51 726
36 0
40 484
36 895
32 574
48 645
39 273
26 839
55 21
33 673
53 342
46 455
27 325
31 711
36 970
29 150
23 206
59 363
26 664
21 226
42 696
28 52
26 790
32 344
60 709
42 284
24 448
43 42
27 906
33 723
42 878
60 754
44 910
46 52
47 147
35 496
35 334
28 906
28 849
56 393
21 836
48 33
35 736
54 212
36 608
27 685
21 403
33 785
32 56
22 399
40 53
26 442
39 604
42 570
22 149
38 818
30 632
41 566
31 732
51 850
42 131
23 9
53 927
21 669
31 285
43 389
35 153
56 603
40 363
43 172
41 528
35 591
47 753
43 407
41 642
39 223
44 278
34 201
27 440
25 566
25 440
22 733
57 9
45 332
59 362
36 305
50 196
21 822
59 712
46 932
20 902
28 502
47 935
54 945
20 311
22 177
53 376
38 478
51 323
50 451
39 538
41 881
54 44
49 120
48 817
55 295
32 690
59 691
32 253
60 357
47 268
55 909
32 126
45 732
53 226
36 927
32 493
53 836
57 292
29 666
58 284
46 628
23 706
22 383
45 158
24 420
32 940
54 244
21 393
53 259
28 928
51 520
34 255
28 849
30 974
38 464
28 917
51 206
35 385
20 390
35 594
27 360
21 77
48 239
46 295
37 986
30 247
39 739
28 761
38 488
26 419
35 854
60 26
51 243
36 371
38 718
39 208
25 673
34 96
59 91
44 421
46 279
55 822
58 619
49 483
24 232
21 546
22 984
26 994
35 759
48 713
55 646
29 825
42 142
43 578
21 789
33 870
30 428
50 841
54 682
54 880
56 469
47 931
52 16
23 678
52 545
25 372
60 18
47 778
37 995
52 226
49 233
30 108
44 931
50 565
40 467
32 556
48 22
60 760
60 578
26 614
26 795
31 964
55 122
57 323
42 698
24 868
34 985
39 504
45 130
29 371
46 221
29 992
29 289
29 303
50 277
43 74
57 472
54 519
42 402
26 359
29 647
37 234
48 943
27 352
59 602
26 822
45 227
34 913
46 559
37 612
35 760
43 949
28 984
24 703
43 716
57 405
33 511
55 419
50 281
35 87
50 930
40 145
22 774
36 206
20 127
27 635
28 138
24 706
47 27
25 321
44 360
44 217
26 121
44 1000
20 428
26 368
38 19
34 607
47 981
57 645
51 961
52 251
36 127
50 704
56 511
57 897
27 257
36 706
33 44
34 418
37 59
39 175
39 614
28 697
37 696
46 548
37 529
29 204
28 571
52 494
33 24
37 880
48 787
21 338
20 593
22 452
34 375
47 131
49 600
46 97
32 208
58 454
37 613
35 933
35 791
28 100
41 686
52 518
40 800
49 730
43 970
23 884
33 155
22 276
46 291
33 279
31 904
35 128
56 602
25 701
42 728
44 735
37 917
29 383
39 329
54 38
58 502
57 593
38 242
54 564
60 422
29 942
29 209
56 724
48 55
57 421
23 868
46 940
27 757
44 98
50 586
39 780
41 979
33 290
43 783
50 911
60 358
31 836
54 110
57 724
33 106
29 216
22 591
34 61
33 646
37 943
24 636
46 297
50 423
41 197
26 432
54 572
44 604
20 607
51 723
38 794
22 121
43 249
52 345
28 0
55 965
44 33
40 479
48 154
39 842
36 542
36 96
54 233
34 163
46 656
57 521
34 740
58 606
38 776
31 526
33 577
34 611
43 377
59 310
46 624
40 502
51 157
51 290
46 481
23 97
27 538
27 968
22 728
25 879
37 82
43 849
42 869
49 9
51 407
56 782
58 249
57 186
27 29
42 85
29 528
27 427
50 787
32 554
40 827
31 345
46 842
38 504
29 955
32 11
54 425
20 927
31 116
47 996
31 680
22 454
51 908
33 689
52 128
54 30
50 49
31 196
46 189
47 614
31 746
21 958
48 893
39 271
34 941
52 729
50 409
53 603
27 850
50 925
33 843
37 61
43 457
38 589
31 110
55 725
40 659
60 138
20 927
38 792
41 283
49 40
29 507
36 813
52 93
48 313
54 807
49 319
30 367
23 877
42 34
55 680
28 529
24 187
22 925
43 478
26 449
45 399
23 625
25 750
44 160
26 530
60 784
49 738
29 165
26 142
32 326
42 99
51 773
49 857
56 554
31 202
37 281
20 589
37 0
22 561
22 496
44 571
58 351
36 407
49 791
26 842
41 899
58 510
32 1
37 864
40 438
42 508
50 179
48 740
46 101
27 474
30 393
28 744
44 567
34 644
45 781
45 401
47 159
56 231
22 430
42 916
27 420
25 336
58 944
37 801
51 681
58 640
26 269
29 171
31 642
31 913
49 57
42 386
20 541
23 229
55 570
42 111
48 370
42 728
44 891
24 185
38 140
27 307
43 775
39 280
52 220
58 645
27 876
23 115
53 889
38 510
32 791
32 638
41 397
26 863
31 435
46 7
54 888
21 207
41 148
43 974
34 850
60 288
27 498
23 173
35 428
43 588
22 150
49 198
21 495
23 375
44 175
42 381
53 350
36 645
24 447
30 185
49 535
49 198
39 670
35 795
24 588
59 226
46 408
58 752
58 547
57 321
49 77
31 220
25 99
34 69
36 535
56 118
43 831
20 306
50 129
50 331
47 941
57 728
26 587
24 842
59 185
26 232
24 921
54 16
22 927
27 520
28 381
38 629
20 743
20 118
35 546
32 762
51 360
29 160
45 187
20 734
44 235
35 833
36 102
34 81
48 840
21 184
55 876
35 904
30 111
48 180
21 460
39 369
48 798
51 49
51 608
21 489
47 605
43 26
41 712
40 459
53 793
20 413
22 793
24 186
56 97
32 760
35 320
24 324
57 146
48 895
42 546
26 785
57 62
28 789
32 580
28 616
23 181
51 635
48 532
38 900
56 451
22 325
42 746
52 324
58 500
58 572
37 469
23 744
45 939
60 928
25 762
35 97
40 788
33 65
45 371
47 430
46 908
28 400
41 78
26 686
60 151
23 48
57 503
29 358
21 676
55 146
60 11
20 499
56 130
40 697
24 179
58 161
25 509
50 561
40 308
25 329
44 865
38 209
42 796
51 801
32 336
26 796
54 130
28 411
52 884
55 882
47 74
27 997
36 187
52 778
49 590
42 0
25 625
37 781
28 688
40 918
56 175
30 561
50 803
33 774
49 67
55 642
50 869
25 58
55 79
56 985
30 361
42 895
27 114
50 24
56 299
30 660
33 970
34 496
35 544
39 665
44 871
54 102
37 287
43 354
48 517
28 846
36 193
42 865
23 711
32 942
58 45
25 244
27 512
31 788
53 157
39 193
47 355
24 55
31 433
33 819
42 120
49 26
50 540
46 810
32 366
39 838
30 499
32 175
33 919
33 526
23 746
36 691
43 759
48 860
48 385
32 414
29 955
36 364
59 2
45 935
22 649
59 482
54 212
60 959
35 223
38 61
56 912
21 508
34 38
48 396
48 26
52 38
30 604
51 613
26 919
28 772
30 588
25 255
48 686
49 878
25 98
38 786
34 836
46 438
45 790
28 773
21 13
40 176
45 770
48 762
52 812
27 243
24 306
49 233
45 704
20 480
51 355
27 816
25 260
46 802
60 832
28 104
47 872
31 251
26 456
27 152
28 715
38 572
56 626
45 800
40 847
20 390
25 317
51 540
21 455
40 6
36 620
35 281
48 692
22 505
60 954
55 750
42 14
29 478
23 388
52 519
31 204
36 482
33 256
47 470
51 828
44 399
47 834
24 717
58 738
47 108
43 126
47 518
20 763
35 854
25 193
31 537
20 734
26 766
44 272
31 456
54 788
34 505
42 278
35 404
41 761
47 665
34 943
51 193
40 710
41 984
45 573
40 62
40 786
36 129
48 898
59 333
26 148
23 609
54 3
44 910
21 284
50 979
44 601
44 231
40 688
33 503
56 726
58 914
46 159
55 757
45 355
44 657
46 955
43 837
20 414
50 485
51 815
37 513
40 893
25 626
27 227
51 456
40 623
28 166
25 540
32 158
54 826
24 46
35 671
30 461
36 902
52 866
27 775
41 711
38 644
48 293
47 244
54 38
47 62
37 435
25 734
47 113
21 355
49 769
41 700
32 216
40 450
50 1
45 159
38 706
37 251
44 335
48 553
30 614
42 10
53 805
33 644
42 663
44 264
46 836
45 47
21 19
21 885
46 408
24 333
55 652
48 257
43 896
56 624
57 801
21 653
34 467
51 108
45 721
52 156
50 831
25 469
28 169
43 560
24 391
22 398
58 628
31 990
54 793
43 319
43 185
38 383
38 238
51 593
43 261
48 31
28 114
57 435
35 91
38 96
26 945
46 713
40 219
20 368
35 60
27 937
54 993
52 510
50 35
59 304
60 153
58 856
20 537
58 649
30 884
33 816
47 956
53 722
33 708
36 218
41 928
36 561
58 247
58 542
35 315
33 425
30 479
24 615
46 524
45 715
44 105
48 171
28 541
49 863
44 843
40 991
56 734
32 419
20 444
31 38
44 139
53 419
50 236
51 823
22 598
54 994
26 712
42 301
57 766
28 113
20 407
33 139
57 997
35 484
57 990
49 849
25 492
52 669
55 335
45 619
24 353
55 341
40 351
21 631
39 34
57 998
54 677
38 543
21 940
36 991
31 96
59 806
60 329
59 39
46 507
24 948
49 442
52 810
41 337
48 763
20 481
57 212
46 455
58 610
51 421
38 798
31 251
29 499
53 487
35 928
20 477
38 531
55 775
27 181
33 225
23 117
33 616
44 128
36 150
48 675
24 590
23 947
24 461
27 55
44 136
45 120
57 576
38 723
41 409
54 882
22 775
53 975
24 11
53 146
39 740
26 937
44 175
58 121
40 198
42 47
22 891
56 628
43 777
43 180
47 115
49 220
42 343
28 41
44 304
36 127
33 267
54 868
29 926
51 981
54 721
24 125
50 917
49 347
52 80
21 479
60 46
27 525
29 570
46 686
53 588
32 313
47 844
55 662
58 961
25 211
49 619
57 665
43 829
53 89
28 398
41 951
55 757
39 951
22 759
27 889
37 13
44 750
50 461
28 187
26 61
49 894
49 540
52 289
49 205
41 739
31 548
35 661
54 118
24 180
58 579
59 746
42 172
39 80
24 822
46 818
35 577
58 103
50 398
49 580
24 951
21 501
21 220
52 837
41 732
32 84
36 110
28 919
57 684
49 690
44 809
47 623
59 708
51 898
56 893
36 600
49 392
32 147
30 497
41 68
60 810
20 719
20 36
24 432
32 900
49 583
50 919
56 119
47 845
29 183
54 945
53 153
38 398
53 66
41 665
37 320
24 516
50 834
29 960
31 849
49 740
55 107
31 698
31 523
52 985
26 529
54 352
56 578
34 268
57 495
54 459
24 776
49 199
31 513
58 215
27 865
42 332
52 446
21 116
54 518
55 96
44 618
57 417
31 483
23 692
20 741
41 929
47 729
45 201
55 828
20 137
49 308
60 60
58 297
29 895
30 256
57 93
40 673
22 442
31 398
20 875
47 20
37 498
33 656
32 346
22 217
51 604
22 339
22 150
36 463
21 562
23 627
32 824
36 273
31 983
29 148
21 992
58 340
22 393
35 922
34 275
54 384
33 253
25 31
29 298
54 591
24 748
57 534
57 399
52 358
20 591
45 390
20 540
46 786
43 501
45 764
31 563
27 27
59 113
37 557
43 484
50 189
35 509
33 708
46 394
40 52
52 622
49 62
39 863
41 192
22 412
58 615
20 292
50 3
34 867
20 985
26 73
23 526
40 649
44 52
50 829
53 378
41 349
47 378
40 990
41 390
32 466
46 969
43 864
27 802
57 910
37 856
39 170
32 518
28 151
23 537
21 43
22 927
50 355
59 616
29 177
58 559
45 524
29 242
34 946
25 592
32 150
54 353
34 275
50 694
27 923
37 476
60 848
25 716
21 21
53 290
46 364
55 582
47 266
42 596
43 744
42 581
42 391
21 0
50 153
36 736
58 141
47 176
55 440
37 775
57 434
52 804
57 450
25 839
52 643
46 243
50 264
21 626
39 340
51 658
34 455
50 840
22 822
36 436
59 682
34 916
37 183
34 0
29 17
48 491
54 932
21 760
25 340
55 984
46 561
26 990
27 791
28 229
52 246
22 964
26 153
53 389
49 963
59 239
43 815
57 59
37 267
41 883
33 552
34 46
43 563
55 801
20 734
60 857
26 782
21 388
46 131
48 705
41 39
53 845
20 470
39 622
54 341
37 486
43 856
46 316
33 429
60 486
52 205
54 914
54 985
47 664
23 742
25 929
57 829
29 224
52 129
53 290
60 964
54 698
35 821
55 43
47 868
22 86
29 432
21 967
36 601
32 150
44 959
21 93
50 444
31 567
60 679
47 316
25 461
33 278
30 143
32 382
54 410
27 85
28 524
33 974
27 253
23 442
45 302
38 438
55 995
60 294
24 83
43 471
31 382
33 403
34 907
45 914
29 42
45 458
35 784
58 471
29 853
36 401
45 740
52 18
39 737
54 79
43 947
60 917
51 252
34 497
57 916
56 894
58 326
59 139
22 146
35 58
42 822
22 327
40 925
45 858
34 462
38 515
60 376
50 975
44 576
40 230
35 782
55 413
35 683
58 913
40 352
25 640
37 213
41 72
40 400
48 335
22 333
45 720
42 712
49 955
48 671
27 452
22 129
20 441
42 434
30 745
33 328
36 842
54 769
25 23
54 617
44 193
29 518
31 663
43 483
20 792
42 213
25 143
36 614
37 564
46 380
49 956
23 555
20 90
34 176
53 762
47 572
41 146
36 821
41 308
44 33
60 264
45 264
37 83
57 220
47 511
39 141
45 263
31 635
26 473
22 586
36 784
25 484
34 987
35 654
40 994
28 912
41 960
53 243
26 251
59 346
31 327
58 167
56 871
59 758
20 357
24 44
27 128
27 688
41 677
20 63
59 673
23 867
37 155
28 110
54 102
40 516
40 413
53 778
24 76
31 98
42 346
25 937
34 345
26 379
34 685
55 218
28 795
40 909
54 906
52 567
34 704
60 379
21 473
25 801
60 273
29 922
34 475
60 832
28 297
28 117
31 878
36 146
48 278
48 236
29 139
49 88
38 576
56 288
26 426
40 124
42 655
47 594
41 414
58 355
60 394
34 813
21 857
44 282
51 936
47 231
59 630
52 430
32 680
56 48
45 810
33 556
25 570
59 109
40 69
46 118
56 873
28 861
58 523
55 480
27 853
53 185
54 231
26 325
26 551
30 722
46 698
39 748
24 198
28 6
22 286
39 139
36 242
29 783
54 538
26 369
31 32
54 275
31 654
29 403
48 390
54 42
51 614
58 791
36 91
27 899
29 592
39 756
60 870
56 465
22 934
43 256
22 244
39 178
56 466
60 777
27 582
22 602
49 807
50 380
48 152
21 626
56 41
23 235
30 926
34 439
36 128
46 403
33 467
23 521
52 960
25 98
52 937
38 639
38 68
34 4
23 520
52 114
30 563
56 696
53 512
57 325
48 501
52 525
20 99
55 251
47 976
38 914
59 485
29 864
43 696
20 337
48 916
23 332
36 185
55 231
31 853
54 881
48 286
47 695
21 875
55 886
26 817
46 599
46 583
46 810
49 125
46 102
28 790
53 230
45 661
55 75
57 334
40 207
55 403
44 126
50 38
35 763
29 529
26 695
60 971
28 307
27 505
33 858
28 133
35 706
21 731
45 71
30 189
57 799
47 380
58 465
45 1
49 638
31 281
32 136
46 276
44 71
41 785
29 44
22 889
21 793
55 369
54 531
55 198
54 688
42 601
58 810
55 127
37 460
31 238
59 897
49 154
30 770
35 302
33 340
25 719
59 127
38 288
20 514
38 913
21 317
41 625
22 398
38 896
49 540
31 533
56 835
60 90
21 568
56 101
38 66
58 608
49 795
60 241
23 168
46 7
23 12
23 175
57 818
35 953
44 237
28 325
35 186
43 893
52 214
34 29
43 712
46 153
57 301
57 714
47 124
29 826
43 298
27 550
50 306
45 829
59 38
41 283
46 73
25 523
38 578
22 856
45 986
52 490
36 262
38 682
44 347
25 802
54 599
44 917
57 244
51 886
59 427
33 690
57 366
36 677
44 155
40 992
56 654
47 267
44 253
47 115
31 951
37 739
36 115
60 108
37 253
47 948
28 781
51 259
24 51
48 834
56 543
26 819
60 785
46 159
38 14
44 387
25 412
53 617
30 540
39 736
26 599
39 559
37 907
57 115
30 788
39 97
37 829
32 506
26 881
37 525
20 256
46 85
32 333
30 774
30 807
33 850
34 875
30 88
37 654
40 529
33 227
53 218
29 327
57 875
42 680
36 639
34 171
55 982
57 989
44 451
53 290
20 1000
26 806
37 577
42 524
38 383
23 233
36 52
49 294
30 17
38 630
45 85
33 548
27 987
29 314
42 626
54 179
48 345
51 93
28 540
44 888
42 252
43 22
26 67
44 76
35 538
49 504
38 787
49 631
45 651
40 969
46 394
54 694
59 947
47 434
40 31
53 428
20 574
46 828
39 467
22 989
28 908
56 914
25 135
60 511
29 240
29 347
23 510
48 658
30 668
40 370
50 418
59 391
56 339
22 256
25 385
47 765
57 132
49 413
46 478
44 848
47 675
20 706
20 747
33 668
34 433
32 579
28 462
48 243
36 176
48 608
53 697
32 946
36 652
56 93
57 573
22 305
49 468
44 564
49 533
41 321
53 260
33 490
25 812
36 764
39 642
46 109
21 444
45 826
37 847
35 260
29 279
59 826
35 436
29 893
23 5
55 604
42 207
48 857
28 424
58 837
42 439
35 280
21 28
27 624
41 216
58 801
34 916
59 942
52 533
47 91
36 463
54 703
56 381
48 139
59 885
58 793
53 57
29 880
55 430
36 933
30 207
44 247
54 512
49 153
33 959
50 535
26 979
36 560
43 183
40 228
22 710
37 91
25 210
44 322
45 612
34 681
47 33
56 661
56 849
35 705
47 436
43 133
42 271
44 362
34 479
54 222
34 46
31 240
33 914
36 311
24 285
60 667
22 942
59 589
50 151
53 942
51 250
31 521
35 351
46 722
21 515
35 866
41 671
44 823
42 838
59 259
39 357
49 280
42 761
33 918
55 69
30 913
22 350
28 69
42 593
43 549
53 535
30 573
28 599
31 581
27 498
40 511
27 617
49 953
47 726
42 527
27 196
60 340
47 683
33 435
22 390
33 104
27 105
49 533
49 17
54 158
27 70
29 356
50 626
53 897
34 789
47 827
40 506
56 122
36 408
40 563
37 823
40 608
37 446
41 954
55 543
40 102
54 856
45 370
28 704
20 350
43 27
20 774
31 991
26 824
56 246
56 542
28 563
52 686
33 422
27 275
33 131
40 2
40 606
54 386
39 27
22 584
21 774
28 987
41 246
60 117
55 167
54 847
58 881
39 980
37 533
28 635
44 189
20 314
44 807
44 944
29 216
20 522
54 183
39 57
34 931
37 305
40 65
52 127
56 173
41 135
42 645
58 54
39 420
47 543
49 210
33 161
40 123
50 92
23 534
42 483
57 360
38 953
25 812
29 510
23 957
46 175
27 878
44 544
49 547
47 159
43 731
38 946
47 788
54 560
32 450
45 101
44 377
26 294
60 623
30 147
32 389
23 640
44 710
48 4
48 326
29 979
50 471
54 478
45 363
34 402
50 161
45 197
38 207
55 842
46 64
33 184
51 954
38 524
37 214
42 252
59 460
42 132
31 630
48 586
43 404
34 673
45 49
32 250
23 913
46 164
21 657
55 335
33 891
35 751
38 713
26 468
26 204
42 510
21 655
28 697
54 808
48 962
49 951
51 547
49 454
32 696
53 222
45 634
59 953
39 335
34 808
46 201
60 125
26 23
48 887
50 552
50 14
32 805
39 982
34 672
21 97
51 559
44 728
28 787
32 280
45 662
58 157
30 985
53 146
21 950
51 353
46 463
57 13
33 34
54 558
26 545
55 992
26 838
44 478
41 417
29 11
32 514
35 663
44 167
54 407
21 126
30 34
32 151
49 745
27 432
47 563
38 519
21 292
54 150
37 128
37 638
59 517
32 428
41 717
31 349
24 294
51 817
42 580
34 537
23 741
36 35
48 588
23 919
57 794
29 253
57 979
31 988
26 41
58 307
42 689
43 46
56 687
34 444
47 314
25 741
49 981
31 108
23 906
37 161
39 586
54 20
43 41
44 822
56 74
49 112
40 304
59 968
30 846
25 683
44 809
42 794
47 636
32 673
56 462
31 154
47 433
37 715
50 876
53 84
57 626
45 507
39 445
33 163
21 775
43 382
56 525
27 274
38 992
59 21
31 532
42 907
59 731
40 801
26 552
28 550
59 793
40 970
31 574
51 680
42 894
48 176
44 688
44 985
40 743
56 706
44 142
49 23
53 22
27 641
46 468
56 76
43 384
57 80
26 318
33 991
25 3
42 150
47 429
33 193
38 689
23 438
56 372
54 27
53 955
58 208
55 234
21 501
47 719
32 612
41 310
32 691
31 436
39 678
49 151
35 791
53 823
48 703
41 188
59 421
43 184
56 777
25 380
20 367
34 411
36 636
40 832
44 137
39 294
37 746
43 617
51 303
32 44
29 59
34 697
28 710
49 79
24 963
44 139
21 353
26 184
50 443
42 729
29 491
34 630
22 149
52 528
45 409
41 512
24 399
28 189
23 307
39 97
29 55
36 442
55 777
53 858
49 65
23 940
32 696
25 140
59 101
36 972
44 498
33 786
57 996
56 180
48 656
22 727
23 899
22 762
39 419
31 677
59 855
32 615
53 336
38 394
32 582
32 767
50 816
57 152
32 271
26 655
60 669
50 88
24 650
45 738
21 695
58 808
37 545
50 401
55 488
55 902
37 740
34 339
20 700
57 768
31 365
20 110
35 751
39 313
36 911
40 895
57 214
47 374
51 190
22 687
36 230
55 223
53 401
23 243
40 676
39 191
60 347
34 466
49 511
60 324
26 49
27 451
48 810
28 769
26 102
51 314
28 518
42 763
55 189
53 678
41 123
59 769
25 455
52 413
22 484
55 996
23 540
41 627
48 624
33 396
20 475
43 297
22 706
48 154
31 146
37 39
58 698
22 121
52 92
21 795
58 67
24 365
28 453
42 244
23 142
21 856
23 578
42 645
39 670
45 107
37 801
40 854
53 818
38 368
49 545
58 927
31 715
28 278
34 524
49 429
51 214
51 244
40 534
35 72
33 848
36 641
25 106
43 172
20 662
21 831
47 655
30 944
37 227
20 103
47 349
40 409
31 688
32 291
47 864
55 265
28 888
33 956
46 764
49 260
41 482
59 236
36 622
28 399
29 816
58 136
57 358
25 713
36 463
24 474
51 411
23 280
36 120
55 142
51 277
33 180
51 954
47 693
31 62
48 100
43 867
43 79
28 856
49 825
27 793
23 605
56 19
54 8
44 706
28 572
22 10
24 610
60 242
25 20
42 123
58 346
58 13
37 24
47 69
46 22
48 88
35 550
21 795
55 290
25 688
29 608
58 54
45 181
34 54
29 639
49 866
35 52
23 125
50 658
49 507
24 941
29 259
25 611
28 844
42 118
31 647
21 201
56 179
44 517
56 141
34 30
38 814
38 582
47 610
36 979
43 733
55 874
33 166
31 134
28 210
47 429
24 471
51 248
30 396
49 983
48 47
55 730
47 205
49 952
33 545
47 691
60 440
48 183
41 582
56 158
49 652
45 800
52 349
24 401
27 880
51 928
26 859
46 933
40 292
23 309
45 561
29 606
29 2
25 821
32 839
40 890
32 701
28 951
23 310
58 199
21 202
21 287
52 328
53 685
30 478
34 491
52 682
59 772
44 613
34 109
46 610
23 858
60 938
33 306
20 872
58 487
55 459
54 558
35 80
33 434
30 240
40 248
38 408
33 339
24 209
60 996
23 265
26 66
20 211
37 636
39 105
30 759
54 256
44 273
57 262
45 39
42 803
20 949
20 792
27 584
53 928
20 806
50 820
29 769
27 83
39 905
27 929
55 462
47 922
20 514
59 173
29 565
41 866
38 179
35 238
55 409
22 874
40 364
24 834
36 890
43 637
21 814
36 0
37 776
45 627
43 237
35 569
35 326
49 739
36 994
22 46
41 214
57 658
31 406
60 530
25 640
59 106
22 874
43 187
56 285
47 436
27 767
42 317
22 962
24 851
26 939
31 830
21 204
20 25
50 823
37 104
21 20
24 855
48 980
42 139
44 676
46 845
24 616
54 372
41 140
54 225
43 700
26 570
50 79
54 849
57 328
47 120
22 561
43 492
52 247
50 849
47 863
51 174
35 231
33 164
29 623
21 266
24 463
40 544
49 575
53 413
55 537
22 948
37 331
32 187
50 212
40 559
37 638
29 878
21 523
30 230
51 689
36 609
32 297
50 72
34 288
36 800
29 289
27 636
47 814
32 608
21 848
30 330
35 493
52 851
43 688
36 484
54 293
55 387
25 499
48 740
32 330
21 658
27 451
26 644
43 327
22 699
53 57
55 288
48 176
57 516
29 589
45 614
43 606
53 563
29 328
41 430
60 237
26 166
21 228
44 305
58 518
47 740
30 171
59 132
20 782
51 227
51 312
60 90
59 783
25 233
24 349
28 779
37 885
42 618
28 537
40 738
25 874
58 304
21 480
44 514
33 25
30 905
32 910
52 525
27 350
30 639
27 191
24 744
56 161
48 551
59 252
58 432
46 714
40 890
27 542
20 276
40 954
41 273
44 901
22 836
29 993
40 38
44 680
37 59
48 911
35 556
22 783
21 429
37 223
47 735
28 874
32 834
32 159
43 297
41 81
56 900
58 478
26 16
34 992
28 301
28 271
32 427
29 559
55 622
42 497
60 767
26 435
29 741
46 382
55 649
50 417
25 626
41 680
46 758
26 206
20 324
35 861
45 252
32 233
51 852
20 445
39 639
31 375
48 844
60 544
20 450
44 900
43 28
39 825
53 396
24 833
22 449
36 205
41 543
43 696
43 291
20 35
35 853
28 535
35 734
48 87
22 825
46 521
53 728
43 894
34 549
44 731
21 941
26 960
20 371
55 611
47 830
32 465
35 561
34 634
32 284
58 769
39 675
28 918
25 742
34 352
47 408
38 908
48 67
28 459
34 254
33 462
25 748
47 482
50 117
37 610
28 475
39 385
37 683
55 684
40 923
29 923
26 365
25 274
60 790
43 440
46 156
48 213
40 32
41 217
51 364
55 581
41 334
56 355
24 598
48 387
35 216
57 903
42 610
57 587
54 867
56 44
32 999
52 428
21 513
60 934
46 304
30 488
55 191
58 133
28 532
33 922
21 347
20 305
53 85
40 443
49 288
45 755
30 695
52 766
43 641
45 372
28 953
32 286
45 394
28 999
37 717
38 598
43 499
46 20
37 842
59 62
47 693
23 13
21 946
45 841
58 200
50 129
57 144
36 369
50 813
60 342
23 59
25 801
20 317
50 196
54 31
49 216
33 642
49 125
59 196
36 212
30 255
60 966
23 626
37 282
46 614
28 138
46 272
34 858
50 451
44 646
54 236
36 166
22 174
43 319
45 505
30 100
32 435
57 16
36 890
45 627
33 374
59 928
29 680
56 453
26 101
60 600
22 753
50 572
52 551
22 299
36 187
54 63
55 972
43 553
59 107
28 973
51 321
34 844
27 437
31 178
40 921
40 504
40 524
53 813
20 261
31 510
39 604
25 125
44 335
37 301
37 255
44 115
52 665
28 637
36 370
45 567
54 808
60 92
30 205
44 858
53 29
30 376
23 952
54 139
55 9
46 193
20 402
32 252
51 983
20 113
52 35
27 192
53 901
53 20
52 554
33 947
46 405
58 903
55 523
36 864
52 726
31 839
28 272
49 423
45 871
36 222
56 411
55 465
57 331
53 950
57 558
23 341
21 28
26 296
42 211
31 540
54 587
41 598
30 906
34 255
34 444
51 521
26 227
56 743
37 531
36 311
55 503
45 340
36 499
60 183
44 726
32 917
44 413
22 42
24 509
36 693
20 565
60 207
28 197
58 938
28 546
51 273
49 215
26 301
48 909
55 494
50 491
34 882
22 891
27 932
39 840
38 313
43 143
38 511
45 125
44 677
56 608
53 688
29 921
24 310
30 656
34 674
36 151
39 85
42 231
51 330
49 984
53 200
59 278
40 355
49 860
32 387
28 726
39 954
42 835
42 60
42 970
39 762
40 254
26 507
43 408
60 304
43 641
48 243
52 890
47 865
32 80
26 22
39 217
28 209
49 805
27 52
43 736
34 575
55 191
21 87
28 680
58 610
22 5
51 123
28 306
22 561
57 327
28 483
39 747
53 475
29 54
45 639
47 355
54 145
28 777
28 77
23 940
53 454
22 921
29 966
56 541
35 635
45 761
49 137
41 677
47 625
53 950
46 136
34 804
24 240
55 995
35 235
35 633
30 786
48 617
52 971
25 361
26 222
37 724
51 552
35 784
26 871
60 794
55 125
45 413
27 414
21 113
55 717
48 852
25 919
27 532
35 666
49 365
25 646
49 124
48 35
44 114
60 944
41 728
59 480
53 564
59 249
53 907
51 175
50 732
23 101
38 258
21 466
37 134
41 652
28 600
26 808
36 698
53 676
34 201
56 975
55 298
49 430
43 754
28 758
48 967
26 629
46 606
34 796
35 201
57 942
44 948
52 115
27 79
55 776
29 489
23 652
33 82
39 802
22 852
53 690
44 580
60 827
41 360
39 804
48 249
58 735
54 29
56 877
20 516
22 823
42 204
23 651
36 696
23 975
21 597
36 918
46 483
58 596
33 50
39 154
25 319
41 775
23 534
33 532
53 108
36 887
22 732
47 251
57 703
28 755
46 481
39 5
49 531
28 364
27 543
39 882
35 877
46 406
58 516
54 935
32 174
39 52
56 892
25 560
40 688
31 875
27 546
53 667
50 927
32 441
20 637
40 460
54 108
54 876
38 802
40 332
33 854
22 411
28 55
38 512
46 407
30 659
45 386
53 74
25 131
43 975
34 654
42 262
45 649
44 413
52 917
30 615
41 658
27 591
30 223
54 328
32 558
31 671
52 853
29 992
45 293
27 147
39 17
49 813
31 330
51 237
48 832
40 648
40 514
55 587
54 100
25 555
27 326
44 686
35 643
33 547
30 191
